0 ( 0.786821 , 0.25048 )
1 ( 0.710671 , 0.946668 )
2 ( 0.0192711 , 0.404902 )
3 ( 0.251318 , 0.0227124 )
4 ( 0.520643 , 0.34467 )
5 ( 0.274196 , 0.561032 )
6 ( 0.140039 , 0.543856 )
7 ( 0.521916 , 0.857077 )
8 ( 0.499774 , 0.41937 )
9 ( 0.744281 , 0.249168 )
10 ( 0.239277 , 0.320065 )
11 ( 0.910501 , 0.164833 )
12 ( 0.245533 , 0.19832 )
13 ( 0.715893 , 0.967825 )
14 ( 0.769432 , 0.0807073 )
15 ( 0.459925 , 0.257262 )
16 ( 0.777046 , 0.583883 )
17 ( 0.9503 , 0.4381 )
18 ( 0.322289 , 0.532405 )
19 ( 0.256359 , 0.0455399 )
20 ( 0.504976 , 0.696239 )
21 ( 0.0912189 , 0.90712 )
22 ( 0.0309147 , 0.152036 )
23 ( 0.98152 , 0.620412 )
24 ( 0.298767 , 0.361325 )
25 ( 0.480969 , 0.297847 )
26 ( 0.285187 , 0.924194 )
27 ( 0.628902 , 0.755031 )
28 ( 0.713892 , 0.722758 )
29 ( 0.069837 , 0.486835 )
30 ( 0.0888609 , 0.759622 )
31 ( 0.423817 , 0.596983 )
32 ( 0.0864162 , 0.272961 )
33 ( 0.623808 , 0.222135 )
34 ( 0.225448 , 0.43414 )
35 ( 0.987307 , 0.21099 )
36 ( 0.853215 , 0.284114 )
37 ( 0.836365 , 0.366719 )
38 ( 0.935147 , 0.859905 )
39 ( 0.490911 , 0.0220786 )
40 ( 0.362117 , 0.736445 )
41 ( 0.519371 , 0.422952 )
42 ( 0.0290329 , 0.909242 )
43 ( 0.11218 , 0.980166 )
44 ( 0.687829 , 0.487331 )
45 ( 0.735908 , 0.588669 )
46 ( 0.528452 , 0.455645 )
47 ( 0.828303 , 0.870392 )
48 ( 0.49149 , 0.96953 )
49 ( 0.888796 , 0.138265 )
50 ( 0.436551 , 0.343911 )
51 ( 0.118927 , 0.548245 )
52 ( 0.759026 , 0.0324015 )
53 ( 0.101607 , 0.586928 )
54 ( 0.695038 , 0.791824 )
55 ( 0.849987 , 0.875281 )
56 ( 0.605491 , 0.953564 )
57 ( 0.990865 , 0.867071 )
58 ( 0.644111 , 0.604654 )
59 ( 0.912689 , 0.466998 )
60 ( 0.0791418 , 0.904333 )
61 ( 0.827346 , 0.147311 )
62 ( 0.80717 , 0.66887 )
63 ( 0.138648 , 0.672333 )
64 ( 0.832426 , 0.956864 )
65 ( 0.629748 , 0.355726 )
66 ( 0.323224 , 0.0633181 )
67 ( 0.28054 , 0.256984 )
68 ( 0.0875155 , 0.0736188 )
69 ( 0.100668 , 0.13069 )
70 ( 0.627886 , 0.311976 )
71 ( 0.951291 , 0.972835 )
72 ( 0.201725 , 0.72612 )
73 ( 0.676285 , 0.567179 )
74 ( 0.718358 , 0.210137 )
75 ( 0.746571 , 0.748943 )
76 ( 0.894202 , 0.116882 )
77 ( 0.654266 , 0.0265524 )
78 ( 0.285751 , 0.611837 )
79 ( 0.365701 , 0.281168 )
80 ( 0.71123 , 0.868726 )
81 ( 0.122479 , 0.887004 )
82 ( 0.595384 , 0.795094 )
83 ( 0.567172 , 0.988584 )
84 ( 0.96275 , 0.506296 )
85 ( 0.79339 , 0.719541 )
86 ( 0.402188 , 0.116003 )
87 ( 0.831381 , 0.341087 )
88 ( 0.811923 , 0.236615 )
89 ( 0.934162 , 0.458105 )
90 ( 0.85286 , 0.74979 )
91 ( 0.369665 , 0.644393 )
92 ( 0.5898 , 0.843262 )
93 ( 0.00570613 , 0.186586 )
94 ( 0.297123 , 0.338689 )
95 ( 0.725961 , 0.994564 )
96 ( 0.901857 , 0.767029 )
97 ( 0.128813 , 0.279316 )
98 ( 0.128372 , 0.888838 )
99 ( 0.805795 , 0.400797 )
100 ( 0.527364 , 0.297175 )
101 ( 0.917667 , 0.812785 )
102 ( 0.517831 , 0.600164 )
103 ( 0.833823 , 0.477926 )
104 ( 0.329163 , 0.59225 )
105 ( 0.826142 , 0.467029 )
106 ( 0.266564 , 0.8075 )
107 ( 0.127923 , 0.367725 )
108 ( 0.0195539 , 0.124018 )
109 ( 0.161771 , 0.434842 )
110 ( 0.691681 , 0.0859536 )
111 ( 0.987139 , 0.618904 )
112 ( 0.371176 , 0.236674 )
113 ( 0.158937 , 0.0368732 )
114 ( 0.0994404 , 0.683944 )
115 ( 0.952125 , 0.787105 )
116 ( 0.235788 , 0.36401 )
117 ( 0.362999 , 0.934142 )
118 ( 0.998865 , 0.200986 )
119 ( 0.552795 , 0.697382 )
120 ( 0.692114 , 0.0861154 )
121 ( 0.358345 , 0.286332 )
122 ( 0.09432 , 0.943607 )
123 ( 0.472191 , 0.519763 )
124 ( 0.152076 , 0.387434 )
125 ( 0.0989368 , 0.165289 )
126 ( 0.583937 , 0.473452 )
127 ( 0.649411 , 0.544445 )
128 ( 0.31606 , 0.931878 )
129 ( 0.989908 , 0.777137 )
130 ( 0.225179 , 0.790953 )
131 ( 0.0439639 , 0.384338 )
132 ( 0.66992 , 0.30109 )
133 ( 0.321522 , 0.113724 )
134 ( 0.690941 , 0.33019 )
135 ( 0.798766 , 0.782775 )
136 ( 0.00717771 , 0.751891 )
137 ( 0.399689 , 0.420477 )
138 ( 0.205705 , 0.700266 )
139 ( 0.776293 , 0.141306 )
140 ( 0.170088 , 0.748577 )
141 ( 0.771515 , 0.91358 )
142 ( 0.559647 , 0.125406 )
143 ( 0.756531 , 0.311554 )
144 ( 0.725176 , 0.370268 )
145 ( 0.00443744 , 0.0951238 )
146 ( 0.745415 , 0.602823 )
147 ( 0.815662 , 0.200414 )
148 ( 0.832282 , 0.0555534 )
149 ( 0.129493 , 0.372524 )
150 ( 0.960691 , 0.573825 )
151 ( 0.590795 , 0.523856 )
152 ( 0.0941685 , 0.277405 )
153 ( 0.915303 , 0.569106 )
154 ( 0.104138 , 0.414354 )
155 ( 0.613573 , 0.0742729 )
156 ( 0.367357 , 0.187052 )
157 ( 0.50963 , 0.428071 )
158 ( 0.775391 , 0.0152459 )
159 ( 0.521955 , 0.0561426 )
160 ( 0.0509637 , 0.697087 )
161 ( 0.114006 , 0.0634439 )
162 ( 0.356116 , 0.531008 )
163 ( 0.198587 , 0.636769 )
164 ( 0.293188 , 0.527771 )
165 ( 0.234415 , 0.489904 )
166 ( 0.580879 , 0.188345 )
167 ( 0.314094 , 0.720755 )
168 ( 0.395352 , 0.590133 )
169 ( 0.579444 , 0.937673 )
170 ( 0.740409 , 0.242226 )
171 ( 0.519523 , 0.113886 )
172 ( 0.207918 , 0.633606 )
173 ( 0.140093 , 0.118415 )
174 ( 0.962899 , 0.590951 )
175 ( 0.972132 , 0.802339 )
176 ( 0.880038 , 0.0923789 )
177 ( 0.156734 , 0.979988 )
178 ( 0.128101 , 0.320076 )
179 ( 0.908874 , 0.474761 )
180 ( 0.200951 , 0.810924 )
181 ( 0.521725 , 0.558256 )
182 ( 0.307231 , 0.370185 )
183 ( 0.568274 , 0.728632 )
184 ( 0.654764 , 0.311207 )
185 ( 0.7543 , 0.911216 )
186 ( 0.998629 , 0.893327 )
187 ( 0.779626 , 0.693481 )
188 ( 0.358894 , 0.651893 )
189 ( 0.000327772 , 0.909052 )
190 ( 0.559026 , 0.0390328 )
191 ( 0.349181 , 0.535271 )
192 ( 0.862113 , 0.409707 )
193 ( 0.95554 , 0.492911 )
194 ( 0.841278 , 0.0163063 )
195 ( 0.746042 , 0.168979 )
196 ( 0.254931 , 0.781072 )
197 ( 0.971619 , 0.404979 )
198 ( 0.198655 , 0.955518 )
199 ( 0.832431 , 0.257456 )
200 ( 0.608284 , 0.256963 )
201 ( 0.900794 , 0.532793 )
202 ( 0.487119 , 0.790322 )
203 ( 0.596801 , 0.878028 )
204 ( 0.581417 , 0.249421 )
205 ( 0.0781677 , 0.102809 )
206 ( 0.359711 , 0.401213 )
207 ( 0.871441 , 0.596828 )
208 ( 0.740887 , 0.0504178 )
209 ( 0.428222 , 0.424487 )
210 ( 0.297382 , 0.924365 )
211 ( 0.394662 , 0.57688 )
212 ( 0.685165 , 0.66794 )
213 ( 0.547968 , 0.880587 )
214 ( 0.463175 , 0.611199 )
215 ( 0.587855 , 0.800913 )
216 ( 0.0303706 , 0.316831 )
217 ( 0.66517 , 0.464039 )
218 ( 0.661278 , 0.549357 )
219 ( 0.503932 , 0.588149 )
220 ( 0.976944 , 0.550525 )
221 ( 0.570519 , 0.903292 )
222 ( 0.052365 , 0.481792 )
223 ( 0.851882 , 0.0909839 )
224 ( 0.599137 , 0.788752 )
225 ( 0.111787 , 0.496585 )
226 ( 0.0221698 , 0.870505 )
227 ( 0.193483 , 0.505807 )
228 ( 0.0637689 , 0.608395 )
229 ( 0.504267 , 0.578479 )
230 ( 0.222165 , 0.466376 )
231 ( 0.276202 , 0.974275 )
232 ( 0.924414 , 0.0857647 )
233 ( 0.651191 , 0.87611 )
234 ( 0.13779 , 0.246939 )
235 ( 0.457222 , 0.618934 )
236 ( 0.263458 , 0.214676 )
237 ( 0.0450919 , 0.831223 )
238 ( 0.877945 , 0.628726 )
239 ( 0.304855 , 0.624383 )
240 ( 0.224083 , 0.318291 )
241 ( 0.0915762 , 0.685024 )
242 ( 0.804414 , 0.0282853 )
243 ( 0.156149 , 0.4538 )
244 ( 0.806745 , 0.0718277 )
245 ( 0.818365 , 0.239676 )
246 ( 0.780919 , 0.201672 )
247 ( 0.0221841 , 0.520758 )
248 ( 0.500025 , 0.0103248 )
249 ( 0.662279 , 0.132566 )
250 ( 0.251147 , 0.71475 )
251 ( 0.313727 , 0.558087 )
252 ( 0.227199 , 0.232667 )
253 ( 0.887737 , 0.467508 )
254 ( 0.829917 , 0.509431 )
255 ( 0.365758 , 0.74988 )
256 ( 0.380525 , 0.542421 )
257 ( 0.224702 , 0.235979 )
258 ( 0.486476 , 0.0237956 )
259 ( 0.118464 , 0.458976 )
260 ( 0.656539 , 0.64082 )
261 ( 0.589712 , 0.637551 )
262 ( 0.226868 , 0.993688 )
263 ( 0.0600218 , 0.00430347 )
264 ( 0.496747 , 0.180076 )
265 ( 0.200237 , 0.329565 )
266 ( 0.618056 , 0.198204 )
267 ( 0.0940731 , 0.219158 )
268 ( 0.689118 , 0.515012 )
269 ( 0.829321 , 0.531601 )
270 ( 0.576843 , 0.946657 )
271 ( 0.239331 , 0.805169 )
272 ( 0.82826 , 0.348768 )
273 ( 0.180081 , 0.617491 )
274 ( 0.625022 , 0.559929 )
275 ( 0.890589 , 0.971805 )
276 ( 0.0382358 , 0.439389 )
277 ( 0.83667 , 0.201379 )
278 ( 0.293695 , 0.425389 )
279 ( 0.435041 , 0.121113 )
280 ( 0.869584 , 0.544856 )
281 ( 0.79858 , 0.505264 )
282 ( 0.812773 , 0.226578 )
283 ( 0.485052 , 0.797712 )
284 ( 0.14189 , 0.26119 )
285 ( 0.195309 , 0.79577 )
286 ( 0.398691 , 0.0245672 )
287 ( 0.85549 , 0.650536 )
288 ( 0.812641 , 0.754257 )
289 ( 0.772611 , 0.0830819 )
290 ( 0.557455 , 0.939198 )
291 ( 0.858129 , 0.413172 )
292 ( 0.579084 , 0.100147 )
293 ( 0.166222 , 0.793292 )
294 ( 0.830731 , 0.792946 )
295 ( 0.777096 , 0.668374 )
296 ( 0.782017 , 0.269266 )
297 ( 0.614568 , 0.503781 )
298 ( 0.986548 , 0.175454 )
299 ( 0.198392 , 0.281124 )
300 ( 0.0987145 , 0.276656 )
301 ( 0.876922 , 0.85107 )
302 ( 0.375626 , 0.418755 )
303 ( 0.82545 , 0.564425 )
304 ( 0.148727 , 0.42923 )
305 ( 0.498453 , 0.442933 )
306 ( 0.153426 , 0.398656 )
307 ( 0.955961 , 0.461605 )
308 ( 0.315445 , 0.462783 )
309 ( 0.158304 , 0.228017 )
310 ( 0.83865 , 0.456873 )
311 ( 0.313689 , 0.842813 )
312 ( 0.668395 , 0.301274 )
313 ( 0.963796 , 0.949445 )
314 ( 0.964296 , 0.929713 )
315 ( 0.00523035 , 0.292288 )
316 ( 0.721641 , 0.0115287 )
317 ( 0.922741 , 0.614552 )
318 ( 0.49556 , 0.849068 )
319 ( 0.426122 , 0.753475 )
320 ( 0.725405 , 0.807112 )
321 ( 0.482061 , 0.81877 )
322 ( 0.296046 , 0.0998681 )
323 ( 0.238789 , 0.757397 )
324 ( 0.939234 , 0.818204 )
325 ( 0.110429 , 0.881345 )
326 ( 0.574123 , 0.515558 )
327 ( 0.778193 , 0.96102 )
328 ( 0.31726 , 0.829222 )
329 ( 0.823076 , 0.903807 )
330 ( 0.757264 , 0.503499 )
331 ( 0.444595 , 0.373858 )
332 ( 0.96694 , 0.987285 )
333 ( 0.736685 , 0.59787 )
334 ( 0.367233 , 0.659913 )
335 ( 0.696496 , 0.462343 )
336 ( 0.0769521 , 0.799977 )
337 ( 0.31973 , 0.427997 )
338 ( 0.676035 , 0.086843 )
339 ( 0.818349 , 0.498686 )
340 ( 0.16328 , 0.661052 )
341 ( 0.19819 , 0.126635 )
342 ( 0.805169 , 0.0531367 )
343 ( 0.857263 , 0.0429127 )
344 ( 0.398371 , 0.827364 )
345 ( 0.829606 , 0.456753 )
346 ( 0.856602 , 0.762972 )
347 ( 0.610263 , 0.72657 )
348 ( 0.359206 , 0.795906 )
349 ( 0.241334 , 0.310326 )
350 ( 0.811645 , 0.622407 )
351 ( 0.935215 , 0.0996625 )
352 ( 0.065452 , 0.491876 )
353 ( 0.750185 , 0.272157 )
354 ( 0.0699211 , 0.871387 )
355 ( 0.154424 , 0.323832 )
356 ( 0.166497 , 0.698676 )
357 ( 0.278478 , 0.371656 )
358 ( 0.732351 , 0.168493 )
359 ( 0.626001 , 0.446057 )
360 ( 0.0301436 , 0.0700159 )
361 ( 0.663758 , 0.0151172 )
362 ( 0.857562 , 0.925277 )
363 ( 0.980462 , 0.017112 )
364 ( 0.16023 , 0.747241 )
365 ( 0.069936 , 0.899506 )
366 ( 0.913913 , 0.0486698 )
367 ( 0.734044 , 0.0587445 )
368 ( 0.075168 , 0.830635 )
369 ( 0.932468 , 0.0204567 )
370 ( 0.0489925 , 0.320763 )
371 ( 0.782106 , 0.396422 )
372 ( 0.878506 , 0.129988 )
373 ( 0.4213 , 0.250935 )
374 ( 0.586234 , 0.096566 )
375 ( 0.436277 , 0.776577 )
376 ( 0.0166563 , 0.980579 )
377 ( 0.338049 , 0.248066 )
378 ( 0.645227 , 0.621577 )
379 ( 0.0715725 , 0.387573 )
380 ( 0.931525 , 0.568896 )
381 ( 0.832211 , 0.367929 )
382 ( 0.252768 , 0.496346 )
383 ( 0.874716 , 0.992265 )
384 ( 0.510477 , 0.789609 )
385 ( 0.0849481 , 0.344483 )
386 ( 0.967671 , 0.577878 )
387 ( 0.949746 , 0.633073 )
388 ( 0.0953233 , 0.866855 )
389 ( 0.607965 , 0.651146 )
390 ( 0.56634 , 0.124984 )
391 ( 0.869768 , 0.662669 )
392 ( 0.893492 , 0.59432 )
393 ( 0.940496 , 0.689586 )
394 ( 0.882346 , 0.528521 )
395 ( 0.264466 , 0.194975 )
396 ( 0.0677825 , 0.369203 )
397 ( 0.195069 , 0.664288 )
398 ( 0.677981 , 0.30248 )
399 ( 0.52997 , 0.13327 )
400 ( 0.452568 , 0.386046 )
401 ( 0.66295 , 0.923583 )
402 ( 0.242903 , 0.11142 )
403 ( 0.108224 , 0.881989 )
404 ( 0.113165 , 0.857862 )
405 ( 0.139198 , 0.0386098 )
406 ( 0.4843 , 0.736449 )
407 ( 0.0470179 , 0.411109 )
408 ( 0.183098 , 0.917315 )
409 ( 0.875 , 0.661774 )
410 ( 0.0892393 , 0.0871171 )
411 ( 0.721181 , 0.682393 )
412 ( 0.758243 , 0.270645 )
413 ( 0.393752 , 0.281885 )
414 ( 0.491221 , 0.780639 )
415 ( 0.311426 , 0.557962 )
416 ( 0.0933125 , 0.901797 )
417 ( 0.631902 , 0.200916 )
418 ( 0.710648 , 0.855578 )
419 ( 0.897181 , 0.463618 )
420 ( 0.514068 , 0.524292 )
421 ( 0.590519 , 0.868409 )
422 ( 0.449748 , 0.972465 )
423 ( 0.339617 , 0.100356 )
424 ( 0.447349 , 0.0151045 )
425 ( 0.936987 , 0.103953 )
426 ( 0.227367 , 0.328141 )
427 ( 0.966538 , 0.92906 )
428 ( 0.688564 , 0.859319 )
429 ( 0.836418 , 0.0592269 )
430 ( 0.614714 , 0.321358 )
431 ( 0.856489 , 0.420638 )
432 ( 0.359514 , 0.0795336 )
433 ( 0.468066 , 0.0881119 )
434 ( 0.608119 , 0.467594 )
435 ( 0.93764 , 0.845989 )
436 ( 0.0900997 , 0.928457 )
437 ( 0.453015 , 0.104001 )
438 ( 0.128509 , 0.855836 )
439 ( 0.29623 , 0.619364 )
440 ( 0.3573 , 0.513898 )
441 ( 0.822518 , 0.420276 )
442 ( 0.998312 , 0.936939 )
443 ( 0.66978 , 0.0344313 )
444 ( 0.292531 , 0.192599 )
445 ( 0.768058 , 0.684523 )
446 ( 0.854314 , 0.0881964 )
447 ( 0.504723 , 0.33857 )
448 ( 0.380808 , 0.185804 )
449 ( 0.159051 , 0.116618 )
450 ( 0.62557 , 0.744052 )
451 ( 0.40652 , 0.557868 )
452 ( 0.35805 , 0.857129 )
453 ( 0.123159 , 0.194848 )
454 ( 0.929677 , 0.470506 )
455 ( 0.736109 , 0.384446 )
456 ( 0.205188 , 0.229644 )
457 ( 0.461236 , 0.395753 )
458 ( 0.671387 , 0.677233 )
459 ( 0.396541 , 0.451296 )
460 ( 0.282391 , 0.144114 )
461 ( 0.288337 , 0.898571 )
462 ( 0.545617 , 0.228349 )
463 ( 0.81209 , 0.908432 )
464 ( 0.125668 , 0.601216 )
465 ( 0.241475 , 0.873487 )
466 ( 0.340464 , 0.522225 )
467 ( 0.219186 , 0.304525 )
468 ( 0.318581 , 0.66582 )
469 ( 0.62556 , 0.380891 )
470 ( 0.178851 , 0.670812 )
471 ( 0.366398 , 0.856115 )
472 ( 0.949059 , 0.660923 )
473 ( 0.746307 , 0.335429 )
474 ( 0.0311836 , 0.213662 )
475 ( 0.678637 , 0.261225 )
476 ( 0.160372 , 0.20306 )
477 ( 0.531147 , 0.842607 )
478 ( 0.026376 , 0.574249 )
479 ( 0.345297 , 0.488311 )
480 ( 0.964161 , 0.80036 )
481 ( 0.977625 , 0.897562 )
482 ( 0.132121 , 0.55199 )
483 ( 0.00409965 , 0.33216 )
484 ( 0.607957 , 0.673116 )
485 ( 0.0839241 , 0.579516 )
486 ( 0.591511 , 0.926536 )
487 ( 0.712971 , 0.648809 )
488 ( 0.394729 , 0.915221 )
489 ( 0.894589 , 0.187267 )
490 ( 0.320536 , 0.288948 )
491 ( 0.458179 , 0.33693 )
492 ( 0.541202 , 0.0831488 )
493 ( 0.611127 , 0.0481479 )
494 ( 0.683051 , 0.565713 )
495 ( 0.267408 , 0.822183 )
496 ( 0.346773 , 0.770275 )
497 ( 0.356546 , 0.0649215 )
498 ( 0.95343 , 0.819984 )
499 ( 0.00312662 , 0.552573 )
500 ( 0.160807 , 0.668796 )
501 ( 0.116363 , 0.965521 )
502 ( 0.986854 , 0.921771 )
503 ( 0.715216 , 0.535523 )
504 ( 0.88656 , 0.656295 )
505 ( 0.802863 , 0.727943 )
506 ( 0.66369 , 0.773608 )
507 ( 0.48508 , 0.260232 )
508 ( 0.802097 , 0.118491 )
509 ( 0.744852 , 0.507013 )
510 ( 0.443691 , 0.433335 )
511 ( 0.679557 , 0.0578862 )
512 ( 0.580723 , 0.77784 )
513 ( 0.131596 , 0.153625 )
514 ( 0.615649 , 0.825892 )
515 ( 0.628842 , 0.702203 )
516 ( 0.870303 , 0.195144 )
517 ( 0.0832519 , 0.587193 )
518 ( 0.833205 , 0.279321 )
519 ( 0.163534 , 0.156848 )
520 ( 0.471721 , 0.268075 )
521 ( 0.609757 , 0.797521 )
522 ( 0.897723 , 0.0693669 )
523 ( 0.901199 , 0.598775 )
524 ( 0.105748 , 0.239892 )
525 ( 0.774306 , 0.211454 )
526 ( 0.631795 , 0.470142 )
527 ( 0.0833143 , 0.601839 )
528 ( 0.240511 , 0.60524 )
529 ( 0.0264872 , 0.136524 )
530 ( 0.453299 , 0.803959 )
531 ( 0.605313 , 0.405764 )
532 ( 0.79847 , 0.727337 )
533 ( 0.0927406 , 0.761318 )
534 ( 0.795504 , 0.0244311 )
535 ( 0.869953 , 0.276486 )
536 ( 0.555558 , 0.0456212 )
537 ( 0.968235 , 0.557241 )
538 ( 0.334979 , 0.686435 )
539 ( 0.0901753 , 0.879028 )
540 ( 0.601232 , 0.452498 )
541 ( 0.945711 , 0.76357 )
542 ( 0.957685 , 0.829338 )
543 ( 0.76066 , 0.113064 )
544 ( 0.0869628 , 0.594445 )
545 ( 0.563467 , 0.724373 )
546 ( 0.660954 , 0.143579 )
547 ( 0.568938 , 0.973871 )
548 ( 0.103339 , 0.631868 )
549 ( 0.906159 , 0.0819063 )
550 ( 0.150761 , 0.0240678 )
551 ( 0.0513714 , 0.220619 )
552 ( 0.370881 , 0.833263 )
553 ( 0.57847 , 0.88372 )
554 ( 0.108452 , 0.0110727 )
555 ( 0.698799 , 0.227251 )
556 ( 0.42404 , 0.2992 )
557 ( 0.314155 , 0.904074 )
558 ( 0.669897 , 0.415611 )
559 ( 0.242501 , 0.962053 )
560 ( 0.433595 , 0.514892 )
561 ( 0.633679 , 0.594329 )
562 ( 0.269989 , 0.704474 )
563 ( 0.729258 , 0.520957 )
564 ( 0.76735 , 0.991424 )
565 ( 0.983415 , 0.813813 )
566 ( 0.0231744 , 0.2924 )
567 ( 0.00518605 , 0.140521 )
568 ( 0.678498 , 0.574749 )
569 ( 0.937282 , 0.956411 )
570 ( 0.709729 , 0.146821 )
571 ( 0.691326 , 0.954482 )
572 ( 0.689156 , 0.554301 )
573 ( 0.157979 , 0.3724 )
574 ( 0.212703 , 0.950129 )
575 ( 0.73824 , 0.672695 )
576 ( 0.414136 , 0.59468 )
577 ( 0.356935 , 0.566097 )
578 ( 0.424727 , 0.206936 )
579 ( 0.51835 , 0.448423 )
580 ( 0.717038 , 0.793313 )
581 ( 0.773315 , 0.627759 )
582 ( 0.182172 , 0.379419 )
583 ( 0.525957 , 0.399154 )
584 ( 0.94016 , 0.769543 )
585 ( 0.0569788 , 0.922901 )
586 ( 0.861569 , 0.0676436 )
587 ( 0.946546 , 0.0623779 )
588 ( 0.757184 , 0.860799 )
589 ( 0.257504 , 0.758819 )
590 ( 0.989115 , 0.584929 )
591 ( 0.468399 , 0.322288 )
592 ( 0.89754 , 0.367767 )
593 ( 0.8702 , 0.305126 )
594 ( 0.338338 , 0.956 )
595 ( 0.96011 , 0.21236 )
596 ( 0.628899 , 0.304044 )
597 ( 0.262908 , 0.41435 )
598 ( 0.828771 , 0.0949637 )
599 ( 0.631289 , 0.791318 )
600 ( 0.265705 , 0.753624 )
601 ( 0.0923834 , 0.237141 )
602 ( 0.0638679 , 0.942508 )
603 ( 0.503178 , 0.418232 )
604 ( 0.63453 , 0.517401 )
605 ( 0.975721 , 0.788423 )
606 ( 0.777575 , 0.754088 )
607 ( 0.213779 , 0.439631 )
608 ( 0.000205405 , 0.364003 )
609 ( 0.895844 , 0.581706 )
610 ( 0.870792 , 0.770868 )
611 ( 0.220172 , 0.804474 )
612 ( 0.337141 , 0.75928 )
613 ( 0.455272 , 0.230508 )
614 ( 0.989019 , 0.978166 )
615 ( 0.461295 , 0.514321 )
616 ( 0.68293 , 0.0522041 )
617 ( 0.961454 , 0.54434 )
618 ( 0.737612 , 0.710232 )
619 ( 0.204782 , 0.382386 )
620 ( 0.744355 , 0.376194 )
621 ( 0.430579 , 0.963351 )
622 ( 0.091283 , 0.195618 )
623 ( 0.180865 , 0.393867 )
624 ( 0.284107 , 0.88855 )
625 ( 0.891537 , 0.072642 )
626 ( 0.300817 , 0.74552 )
627 ( 0.0251065 , 0.0721688 )
628 ( 0.342966 , 0.657109 )
629 ( 0.953888 , 0.526425 )
630 ( 0.322342 , 0.615012 )
631 ( 0.886727 , 0.592756 )
632 ( 0.938247 , 0.547454 )
633 ( 0.91043 , 0.144692 )
634 ( 0.0113078 , 0.582161 )
635 ( 0.499337 , 0.522687 )
636 ( 0.346238 , 0.096456 )
637 ( 0.0322677 , 0.171674 )
638 ( 0.357442 , 0.357157 )
639 ( 0.287429 , 0.888881 )
640 ( 0.429319 , 0.897848 )
641 ( 0.656562 , 0.243864 )
642 ( 0.541008 , 0.155444 )
643 ( 0.0260738 , 0.390225 )
644 ( 0.0338336 , 0.521671 )
645 ( 0.444131 , 0.74678 )
646 ( 0.18423 , 0.872058 )
647 ( 0.560275 , 0.371528 )
648 ( 0.162756 , 0.724935 )
649 ( 0.287536 , 0.590374 )
650 ( 0.257569 , 0.887679 )
651 ( 0.519911 , 0.598817 )
652 ( 0.160062 , 0.635866 )
653 ( 0.217218 , 0.959445 )
654 ( 0.895106 , 0.873434 )
655 ( 0.517925 , 0.756717 )
656 ( 0.235973 , 0.264675 )
657 ( 0.121033 , 0.510526 )
658 ( 0.198245 , 0.558615 )
659 ( 0.562804 , 0.575139 )
660 ( 0.899688 , 0.303545 )
661 ( 0.935628 , 0.7404 )
662 ( 0.8164 , 0.488857 )
663 ( 0.455119 , 0.847307 )
664 ( 0.282973 , 0.207212 )
665 ( 0.502972 , 0.0388466 )
666 ( 0.601007 , 0.475661 )
667 ( 0.102518 , 0.736809 )
668 ( 0.255997 , 0.151125 )
669 ( 0.0183677 , 0.446369 )
670 ( 0.848436 , 0.436939 )
671 ( 0.377934 , 0.301256 )
672 ( 0.0276068 , 0.0998687 )
673 ( 0.55544 , 0.520145 )
674 ( 0.602067 , 0.862851 )
675 ( 0.500876 , 0.421505 )
676 ( 0.914861 , 0.903734 )
677 ( 0.126801 , 0.0500551 )
678 ( 0.942437 , 0.0879791 )
679 ( 0.823463 , 0.709728 )
680 ( 0.367448 , 0.537818 )
681 ( 0.864425 , 0.833027 )
682 ( 0.392604 , 0.668453 )
683 ( 0.763088 , 0.56517 )
684 ( 0.0577734 , 0.410551 )
685 ( 0.650856 , 0.546113 )
686 ( 0.0609323 , 0.0550264 )
687 ( 0.620371 , 0.311352 )
688 ( 0.0728637 , 0.598692 )
689 ( 0.530076 , 0.159817 )
690 ( 0.506969 , 0.364872 )
691 ( 0.0071519 , 0.767779 )
692 ( 0.184041 , 0.23125 )
693 ( 0.0638878 , 0.618786 )
694 ( 0.82042 , 0.741674 )
695 ( 0.446631 , 0.648623 )
696 ( 0.8102 , 0.074706 )
697 ( 0.313341 , 0.0115751 )
698 ( 0.254923 , 0.758717 )
699 ( 0.645486 , 0.896411 )
700 ( 0.766942 , 0.880976 )
701 ( 0.495548 , 0.662761 )
702 ( 0.92617 , 0.606537 )
703 ( 0.0216615 , 0.728519 )
704 ( 0.60859 , 0.340148 )
705 ( 0.843337 , 0.0509942 )
706 ( 0.822523 , 0.439359 )
707 ( 0.925264 , 0.902707 )
708 ( 0.430893 , 0.809759 )
709 ( 0.131405 , 0.825549 )
710 ( 0.641367 , 0.101594 )
711 ( 0.834118 , 0.331502 )
712 ( 0.965634 , 0.584876 )
713 ( 0.516854 , 0.862704 )
714 ( 0.670411 , 0.461029 )
715 ( 0.11632 , 0.297457 )
716 ( 0.517041 , 0.215279 )
717 ( 0.466046 , 0.297005 )
718 ( 0.676342 , 0.293818 )
719 ( 0.693892 , 0.232465 )
720 ( 0.168046 , 0.923473 )
721 ( 0.882661 , 0.251499 )
722 ( 0.208899 , 0.551853 )
723 ( 0.975404 , 0.243837 )
724 ( 0.751026 , 0.954021 )
725 ( 0.60243 , 0.742873 )
726 ( 0.0647835 , 0.172211 )
727 ( 0.830015 , 0.3057 )
728 ( 0.278645 , 0.292848 )
729 ( 0.717962 , 0.112569 )
730 ( 0.0104646 , 0.217494 )
731 ( 0.144518 , 0.470164 )
732 ( 0.395132 , 0.977041 )
733 ( 0.166028 , 0.866522 )
734 ( 0.455076 , 0.783322 )
735 ( 0.697909 , 0.43811 )
736 ( 0.255203 , 0.770007 )
737 ( 0.442738 , 0.541942 )
738 ( 0.145881 , 0.329357 )
739 ( 0.654476 , 0.149755 )
740 ( 0.386323 , 0.44786 )
741 ( 0.010241 , 0.588899 )
742 ( 0.874089 , 0.959454 )
743 ( 0.701704 , 0.70807 )
744 ( 0.347939 , 0.8718 )
745 ( 0.272486 , 0.345812 )
746 ( 0.719163 , 0.648023 )
747 ( 0.699095 , 0.787303 )
748 ( 0.903098 , 0.819389 )
749 ( 0.369725 , 0.700419 )
750 ( 0.580074 , 0.480213 )
751 ( 0.439543 , 0.0247363 )
752 ( 0.312459 , 0.576727 )
753 ( 0.359582 , 0.56213 )
754 ( 0.873817 , 0.0404787 )
755 ( 0.305375 , 0.436506 )
756 ( 0.393126 , 0.289592 )
757 ( 0.638262 , 0.108237 )
758 ( 0.261488 , 0.754766 )
759 ( 0.0112226 , 0.503583 )
760 ( 0.895796 , 0.0557847 )
761 ( 0.662753 , 0.166302 )
762 ( 0.213756 , 0.425196 )
763 ( 0.238282 , 0.0261654 )
764 ( 0.0476506 , 0.071889 )
765 ( 0.773658 , 0.630584 )
766 ( 0.415548 , 0.457104 )
767 ( 0.324202 , 0.186213 )
768 ( 0.745911 , 0.699575 )
769 ( 0.843219 , 0.798649 )
770 ( 0.653715 , 0.00831437 )
771 ( 0.50319 , 0.49831 )
772 ( 0.321615 , 0.0925487 )
773 ( 0.507636 , 0.668456 )
774 ( 0.612983 , 0.806586 )
775 ( 0.723682 , 0.884703 )
776 ( 0.216633 , 0.93154 )
777 ( 0.561939 , 0.867387 )
778 ( 0.308203 , 0.825947 )
779 ( 0.635688 , 0.238762 )
780 ( 0.242857 , 0.784611 )
781 ( 0.858872 , 0.20172 )
782 ( 0.292762 , 0.757023 )
783 ( 0.792476 , 0.654751 )
784 ( 0.877159 , 0.396739 )
785 ( 0.139656 , 0.689769 )
786 ( 0.0742632 , 0.178224 )
787 ( 0.838769 , 0.0840191 )
788 ( 0.812085 , 0.246282 )
789 ( 0.755147 , 0.382036 )
790 ( 0.252738 , 0.827502 )
791 ( 0.299242 , 0.100554 )
792 ( 0.0888427 , 0.0933549 )
793 ( 0.510032 , 0.238162 )
794 ( 0.226865 , 0.9563 )
795 ( 0.485006 , 0.260894 )
796 ( 0.73659 , 0.211781 )
797 ( 0.714184 , 0.610996 )
798 ( 0.70329 , 0.219666 )
799 ( 0.329549 , 0.387649 )
800 ( 0.349784 , 0.360149 )
801 ( 0.499767 , 0.433622 )
802 ( 0.61757 , 0.64082 )
803 ( 0.318433 , 0.875603 )
804 ( 0.326255 , 0.011932 )
805 ( 0.377335 , 0.243269 )
806 ( 0.0498275 , 0.830244 )
807 ( 0.00566343 , 0.882027 )
808 ( 0.241415 , 0.96793 )
809 ( 0.266378 , 0.885153 )
810 ( 0.652 , 0.451825 )
811 ( 0.509796 , 0.301797 )
812 ( 0.578138 , 0.224437 )
813 ( 0.255216 , 0.33476 )
814 ( 0.0913687 , 0.0156569 )
815 ( 0.999788 , 0.0787694 )
816 ( 0.874064 , 0.656273 )
817 ( 0.393495 , 0.433218 )
818 ( 0.982525 , 0.697439 )
819 ( 0.845978 , 0.669915 )
820 ( 0.767691 , 0.672251 )
821 ( 0.430141 , 0.147847 )
822 ( 0.554814 , 0.600404 )
823 ( 0.142351 , 0.572507 )
824 ( 0.296645 , 0.503609 )
825 ( 0.00658498 , 0.971917 )
826 ( 0.939847 , 0.394734 )
827 ( 0.0523348 , 0.401664 )
828 ( 0.702571 , 0.453924 )
829 ( 0.0665228 , 0.828379 )
830 ( 0.517335 , 0.694333 )
831 ( 0.558707 , 0.25475 )
832 ( 0.905355 , 0.476393 )
833 ( 0.170604 , 0.820296 )
834 ( 0.755385 , 0.41307 )
835 ( 0.979115 , 0.323508 )
836 ( 0.730481 , 0.98591 )
837 ( 0.54219 , 0.956453 )
838 ( 0.643565 , 0.372074 )
839 ( 0.125102 , 0.673975 )
840 ( 0.689995 , 0.934083 )
841 ( 0.582875 , 0.856419 )
842 ( 0.180837 , 0.794612 )
843 ( 0.752105 , 0.831284 )
844 ( 0.91793 , 0.858426 )
845 ( 0.732236 , 0.962817 )
846 ( 0.452535 , 0.185124 )
847 ( 0.543079 , 0.826055 )
848 ( 0.231139 , 0.213565 )
849 ( 0.200624 , 0.750664 )
850 ( 0.97977 , 0.939753 )
851 ( 0.808906 , 0.0996107 )
852 ( 0.440876 , 0.735672 )
853 ( 0.825388 , 0.502709 )
854 ( 0.574825 , 0.646913 )
855 ( 0.0391144 , 0.265645 )
856 ( 0.989751 , 0.147859 )
857 ( 0.230849 , 0.0565097 )
858 ( 0.455111 , 0.948106 )
859 ( 0.440439 , 0.385 )
860 ( 0.22363 , 0.767301 )
861 ( 0.598345 , 0.131369 )
862 ( 0.484079 , 0.854189 )
863 ( 0.889449 , 0.195644 )
864 ( 0.884228 , 0.115673 )
865 ( 0.363854 , 0.367327 )
866 ( 0.492956 , 0.474451 )
867 ( 0.36002 , 0.598284 )
868 ( 0.548741 , 0.804912 )
869 ( 0.927456 , 0.0814587 )
870 ( 0.808816 , 0.27555 )
871 ( 0.592062 , 0.492464 )
872 ( 0.488448 , 0.237264 )
873 ( 0.731538 , 0.235319 )
874 ( 0.472734 , 0.935166 )
875 ( 0.0204421 , 0.189775 )
876 ( 0.763623 , 0.657754 )
877 ( 0.67232 , 0.248186 )
878 ( 0.844813 , 0.830827 )
879 ( 0.621888 , 0.0646997 )
880 ( 0.733738 , 0.0408985 )
881 ( 0.911225 , 0.0988937 )
882 ( 0.979851 , 0.0812396 )
883 ( 0.604689 , 0.868345 )
884 ( 0.678666 , 0.405991 )
885 ( 0.852398 , 0.878146 )
886 ( 0.72291 , 0.727308 )
887 ( 0.384096 , 0.555547 )
888 ( 0.0203942 , 0.433065 )
889 ( 0.0567457 , 0.527495 )
890 ( 0.87569 , 0.163551 )
891 ( 0.718786 , 0.895015 )
892 ( 0.956692 , 0.159121 )
893 ( 0.1291 , 0.841977 )
894 ( 0.457428 , 0.202992 )
895 ( 0.556391 , 0.405394 )
896 ( 0.456235 , 0.189483 )
897 ( 0.120164 , 0.794037 )
898 ( 0.257866 , 0.546825 )
899 ( 0.224325 , 0.222027 )
900 ( 0.137822 , 0.430313 )
901 ( 0.886034 , 0.169249 )
902 ( 0.0432418 , 0.370688 )
903 ( 0.871873 , 0.165798 )
904 ( 0.83964 , 0.600597 )
905 ( 0.470781 , 0.410692 )
906 ( 0.95492 , 0.152812 )
907 ( 0.729322 , 0.0262891 )
908 ( 0.448094 , 0.655521 )
909 ( 0.0895155 , 0.526259 )
910 ( 0.0809385 , 0.138419 )
911 ( 0.244992 , 0.523208 )
912 ( 0.961698 , 0.117099 )
913 ( 0.683573 , 0.367632 )
914 ( 0.828901 , 0.157172 )
915 ( 0.228434 , 0.327871 )
916 ( 0.961816 , 0.0220523 )
917 ( 0.0684382 , 0.425989 )
918 ( 0.675796 , 0.346962 )
919 ( 0.428019 , 0.807177 )
920 ( 0.386523 , 0.513779 )
921 ( 0.227965 , 0.384156 )
922 ( 0.791677 , 0.547684 )
923 ( 0.57013 , 0.297156 )
924 ( 0.394391 , 0.121879 )
925 ( 0.524124 , 0.103115 )
926 ( 0.355975 , 0.110677 )
927 ( 0.306025 , 0.653099 )
928 ( 0.161772 , 0.541941 )
929 ( 0.582561 , 0.00898776 )
930 ( 0.618512 , 0.795516 )
931 ( 0.518232 , 0.622697 )
932 ( 0.876162 , 0.579467 )
933 ( 0.234678 , 0.726471 )
934 ( 0.845743 , 0.329756 )
935 ( 0.778009 , 0.834493 )
936 ( 0.0410517 , 0.813002 )
937 ( 0.299881 , 0.98926 )
938 ( 0.996093 , 0.391875 )
939 ( 0.557569 , 0.158534 )
940 ( 0.406972 , 0.721178 )
941 ( 0.948883 , 0.70734 )
942 ( 0.242495 , 0.334505 )
943 ( 0.994628 , 0.00595283 )
944 ( 0.629727 , 0.323226 )
945 ( 0.78311 , 0.287101 )
946 ( 0.422332 , 0.737693 )
947 ( 0.77537 , 0.60046 )
948 ( 0.455244 , 0.278619 )
949 ( 0.0245252 , 0.168894 )
950 ( 0.452619 , 0.298172 )
951 ( 0.919494 , 0.870928 )
952 ( 0.425077 , 0.392302 )
953 ( 0.323659 , 0.910324 )
954 ( 0.934408 , 0.76688 )
955 ( 0.669013 , 0.644538 )
956 ( 0.74924 , 0.0301917 )
957 ( 0.111754 , 0.748558 )
958 ( 0.959256 , 0.386614 )
959 ( 0.0345767 , 0.64721 )
960 ( 0.145637 , 0.657063 )
961 ( 0.934828 , 0.372087 )
962 ( 0.322382 , 0.224339 )
963 ( 0.605501 , 0.309647 )
964 ( 0.200819 , 0.410466 )
965 ( 0.849837 , 0.5326 )
966 ( 0.531512 , 0.309786 )
967 ( 0.34694 , 0.0870292 )
968 ( 0.426532 , 0.452097 )
969 ( 0.282603 , 0.507539 )
970 ( 0.467993 , 0.306151 )
971 ( 0.996888 , 0.275573 )
972 ( 0.842208 , 0.483282 )
973 ( 0.694823 , 0.536733 )
974 ( 0.782432 , 0.610136 )
975 ( 0.335013 , 0.691817 )
976 ( 0.776019 , 0.351217 )
977 ( 0.124661 , 0.0904135 )
978 ( 0.550837 , 0.176884 )
979 ( 0.130656 , 0.749381 )
980 ( 0.170091 , 0.0106292 )
981 ( 0.229628 , 0.87281 )
982 ( 0.608768 , 0.77297 )
983 ( 0.719977 , 0.384681 )
984 ( 0.0719626 , 0.209007 )
985 ( 0.886804 , 0.203952 )
986 ( 0.427181 , 0.59508 )
987 ( 0.833347 , 0.376186 )
988 ( 0.277702 , 0.639672 )
989 ( 0.966812 , 0.0739901 )
990 ( 0.257356 , 0.99173 )
991 ( 0.35377 , 0.144343 )
992 ( 0.668453 , 0.733706 )
993 ( 0.0495159 , 0.988078 )
994 ( 0.274428 , 0.24653 )
995 ( 0.719752 , 0.646092 )
996 ( 0.901199 , 0.493778 )
997 ( 0.197825 , 0.0217535 )
998 ( 0.337296 , 0.588039 )
999 ( 0.994315 , 0.319647 )
